0 560 167
0.01 560 167
0.02 560 167
0.03 560 167
0.04 560 167
0.05 560 167
0.060000000000000005 560 167
0.07 560 167
0.08 560 167
0.09 560 167
0.09999999999999999 560 167
0.10999999999999999 560 167
0.11999999999999998 560 167
0.12999999999999998 560 167
0.13999999999999999 560 167
0.15 560 167
0.16 560 164
0.17 556 160
0.18000000000000002 556 160
0.19000000000000003 547 152
0.20000000000000004 543 149
0.21000000000000005 526 139
0.22000000000000006 510 129
0.23000000000000007 503 126
0.24000000000000007 489 121
0.25000000000000006 481 119
0.26000000000000006 471 118
0.2700000000000001 461 117
0.2800000000000001 447 116
0.2900000000000001 398 115
0.3000000000000001 387 115
0.3100000000000001 367 115
0.3200000000000001 358 115
0.3300000000000001 350 115
0.34000000000000014 335 115
0.35000000000000014 326 116
0.36000000000000015 304 119
0.37000000000000016 292 121
0.38000000000000017 271 129
0.3900000000000002 261 133
0.4000000000000002 254 138
0.4100000000000002 241 149
0.4200000000000002 234 155
0.4300000000000002 229 161
0.4400000000000002 219 173
0.45000000000000023 215 179
0.46000000000000024 207 191
0.47000000000000025 207 192
0.48000000000000026 205 194
0.49000000000000027 202 203
0.5000000000000002 200 209
0.5100000000000002 195 222
0.5200000000000002 195 222
0.5300000000000002 193 230
0.5400000000000003 189 243
0.5500000000000003 185 260
0.5600000000000003 184 265
0.5700000000000003 183 275
0.5800000000000003 183 279
0.5900000000000003 184 287
0.6000000000000003 185 291
0.6100000000000003 187 295
0.6200000000000003 190 306
0.6300000000000003 190 306
0.6400000000000003 190 306
0.6500000000000004 192 311
0.6600000000000004 194 317
0.6700000000000004 216 358
0.6800000000000004 219 363
0.6900000000000004 227 372
0.7000000000000004 233 375
0.7100000000000004 233 375
0.7200000000000004 248 384
0.7300000000000004 256 388
0.7400000000000004 279 399
0.7500000000000004 287 404
0.7600000000000005 287 404
0.7700000000000005 296 408
0.7800000000000005 304 411
0.7900000000000005 345 430
0.8000000000000005 366 440
0.8100000000000005 375 443
0.8200000000000005 393 448
0.8300000000000005 403 450
0.8400000000000005 412 451
0.8500000000000005 429 453
0.8600000000000005 437 454
0.8700000000000006 451 454
0.8800000000000006 459 454
0.8900000000000006 459 454
0.9000000000000006 469 454
0.9100000000000006 477 454
0.9200000000000006 521 454
0.9300000000000006 539 452
0.9400000000000006 547 449
0.9500000000000006 554 445
0.9600000000000006 560 442
0.9700000000000006 567 439
0.9800000000000006 596 424
0.9900000000000007 610 419
1.0000000000000007 655 404
1.0100000000000007 677 397
1.0200000000000007 693 388
1.0300000000000007 706 379
1.0400000000000007 706 379
1.0500000000000007 716 372
1.0600000000000007 739 339
1.0700000000000007 739 334
1.0800000000000007 739 334
1.0900000000000007 739 328
1.1000000000000008 739 322
1.1100000000000008 739 279
1.1200000000000008 738 271
1.1300000000000008 736 261
1.1400000000000008 729 243
1.1500000000000008 729 243
1.1600000000000008 721 226
1.1700000000000008 716 219
1.1800000000000008 702 202
1.1900000000000008 697 195
1.2000000000000008 692 189
1.2100000000000009 687 183
1.2200000000000009 673 167
1.2300000000000009 670 163
1.2400000000000009 668 161
1.2500000000000009 659 157
1.260000000000001 653 155
1.270000000000001 649 154
1.280000000000001 634 149
1.290000000000001 627 147
1.300000000000001 622 146
1.310000000000001 619 145
1.320000000000001 619 145
1.330000000000001 614 144
1.340000000000001 611 144
1.350000000000001 604 142
1.360000000000001 566 140
1.370000000000001 555 140
1.380000000000001 529 140
1.390000000000001 529 140
1.400000000000001 516 140
1.410000000000001 490 141
1.420000000000001 467 145
1.430000000000001 460 148
1.440000000000001 444 152
1.450000000000001 435 155
1.460000000000001 420 163
1.470000000000001 412 167
1.480000000000001 405 172
1.490000000000001 394 178
1.500000000000001 387 184
1.5100000000000011 374 197
1.5200000000000011 368 203
1.5300000000000011 361 210
1.5400000000000011 351 224
1.5500000000000012 347 230
1.5600000000000012 343 237
1.5700000000000012 337 250
1.5800000000000012 335 256
1.5900000000000012 332 269
1.6000000000000012 330 274
1.6100000000000012 329 280
1.6200000000000012 327 289
1.6300000000000012 327 293
1.6400000000000012 327 297
1.6500000000000012 327 305
1.6600000000000013 327 305
1.6700000000000013 327 316
1.6800000000000013 327 320
1.6900000000000013 327 333
1.7000000000000013 328 345
1.7100000000000013 329 350
1.7200000000000013 331 360
1.7300000000000013 333 366
1.7400000000000013 335 371
1.7500000000000013 341 380
1.7600000000000013 345 385
1.7700000000000014 353 393
1.7800000000000014 353 393
1.7900000000000014 357 396
1.8000000000000014 366 405
1.8100000000000014 379 413
1.8200000000000014 395 420
1.8300000000000014 403 422
1.8400000000000014 413 424
1.8500000000000014 435 429
1.8600000000000014 445 431
1.8700000000000014 456 432
1.8800000000000014 480 434
1.8900000000000015 495 434
1.9000000000000015 508 434
1.9100000000000015 530 434
1.9200000000000015 531 434
1.9300000000000015 537 432
1.9400000000000015 540 432
1.9500000000000015 542 429
1.9600000000000015 547 425
1.9700000000000015 548 423
1.9800000000000015 552 414
1.9900000000000015 555 408
2.0000000000000013 557 403
2.010000000000001 563 391
2.020000000000001 563 391
2.0300000000000007 566 386
2.0400000000000005 571 373
2.0500000000000003 576 357
2.06 582 342
2.07 587 335
2.0799999999999996 597 319
2.0899999999999994 601 310
2.099999999999999 609 295
2.109999999999999 612 286
2.1199999999999988 613 278
2.1299999999999986 615 263
2.1399999999999983 615 256
2.149999999999998 615 249
2.159999999999998 615 236
2.1699999999999977 613 230
2.1799999999999975 613 226
2.1899999999999973 611 220
2.199999999999997 609 217
2.209999999999997 599 203
2.2199999999999966 599 203
2.2299999999999964 599 203
2.239999999999996 595 197
2.249999999999996 589 192
2.259999999999996 561 171
2.2699999999999956 558 169
2.2799999999999954 551 161
2.289999999999995 541 153
2.299999999999995 536 148
2.3099999999999947 522 139
2.3199999999999945 512 136
2.3299999999999943 498 131
2.339999999999994 470 127
2.349999999999994 458 126
2.3599999999999937 447 126
2.3699999999999934 447 126
2.3799999999999932 438 126
2.389999999999993 391 128
2.399999999999993 385 129
2.4099999999999926 377 129
2.4199999999999924 356 131
2.429999999999992 346 133
2.439999999999992 335 137
2.4499999999999917 314 146
2.4599999999999915 304 152
2.4699999999999913 304 152
2.479999999999991 294 160
2.489999999999991 285 166
2.4999999999999907 241 208
2.5099999999999905 236 214
2.5199999999999902 231 220
2.52999999999999 224 233
2.53999999999999 221 241
2.5499999999999896 219 248
2.5599999999999894 216 254
2.569999999999989 214 261
2.579999999999989 214 261
2.5899999999999888 212 268
2.5999999999999885 210 276
2.6099999999999883 207 301
2.619999999999988 207 323
2.629999999999988 207 342
2.6399999999999877 207 354
2.6499999999999875 211 368
2.6599999999999873 213 374
2.669999999999987 217 380
2.679999999999987 220 383
2.6899999999999866 223 387
2.6999999999999864 233 407
2.709999999999986 238 413
2.719999999999986 248 423
2.7299999999999858 254 429
2.7399999999999856 262 436
2.7499999999999853 262 436
2.759999999999985 270 441
2.769999999999985 270 441
2.7799999999999847 279 445
2.7899999999999845 359 480
2.7999999999999843 368 483
2.809999999999984 377 486
2.819999999999984 390 490
2.8299999999999836 402 494
2.8399999999999834 427 497
2.849999999999983 462 500
2.859999999999983 474 500
2.869999999999983 495 500
2.8799999999999826 504 500
2.8899999999999824 518 500
2.899999999999982 524 500
2.909999999999982 538 500
2.9199999999999817 544 498
2.9299999999999815 550 497
2.9399999999999813 559 491
2.949999999999981 564 487
2.959999999999981 569 483
2.9699999999999807 580 472
2.9799999999999804 586 467
2.9899999999999802 598 457
2.99999999999998 602 453
3.00999999999998 606 448
3.0199999999999796 608 444
3.0299999999999794 608 444
3.039999999999979 611 439
3.049999999999979 614 433
3.0599999999999787 617 429
3.0699999999999785 620 423
3.0799999999999783 644 384
3.089999999999978 647 377
3.099999999999978 651 369
3.1099999999999777 659 351
3.1199999999999775 660 344
3.1299999999999772 663 326
3.139999999999977 663 318
3.149999999999977 663 294
3.1599999999999766 663 277
3.1699999999999764 663 268
3.179999999999976 659 247
3.189999999999976 657 238
3.1999999999999758 654 229
3.2099999999999755 645 213
3.2199999999999753 640 206
3.229999999999975 631 195
3.239999999999975 627 192
3.2499999999999747 624 188
3.2599999999999745 614 182
3.2699999999999743 609 179
3.279999999999974 603 176
3.289999999999974 589 171
3.2999999999999736 589 171
3.3099999999999734 576 166
3.319999999999973 569 165
3.329999999999973 550 163
3.3399999999999728 542 162
3.3499999999999726 542 162
3.3599999999999723 542 162
3.369999999999972 531 161
3.379999999999972 519 160
3.3899999999999717 390 158
3.3999999999999715 376 158
3.4099999999999713 367 158
3.419999999999971 346 160
3.429999999999971 335 162
3.4399999999999706 325 164
3.4499999999999704 314 169
3.45999999999997 304 172
3.46999999999997 273 190
3.47999999999997 266 197
3.4899999999999696 256 209
3.4999999999999694 250 216
3.509999999999969 246 225
3.519999999999969 242 232
3.5299999999999687 240 240
3.5399999999999685 238 249
3.5499999999999683 232 270
3.559999999999968 231 278
3.569999999999968 230 293
3.5799999999999677 229 301
3.5899999999999674 228 310
3.5999999999999672 227 328
3.609999999999967 226 335
3.619999999999967 226 342
3.6299999999999666 226 363
3.6399999999999664 226 370
3.649999999999966 229 379
3.659999999999966 231 383
3.6699999999999657 233 387
3.6799999999999655 238 393
3.6899999999999653 243 396
3.699999999999965 246 398
3.709999999999965 254 405
3.7199999999999647 260 407
3.7299999999999645 273 414
3.7399999999999642 282 417
3.749999999999964 291 421
3.759999999999964 301 425
3.7699999999999636 312 428
3.7799999999999634 347 437
3.789999999999963 356 438
3.799999999999963 365 439
3.8099999999999627 382 442
3.8199999999999625 390 442
3.8299999999999623 408 442
3.839999999999962 417 442
3.849999999999962 428 442
3.8599999999999617 445 442
3.8699999999999615 452 440
3.8799999999999613 459 438
3.889999999999961 471 434
3.899999999999961 474 431
3.9099999999999606 479 428
3.9199999999999604 482 425
3.92999999999996 486 421
3.93999999999996 497 410
3.9499999999999598 500 407
3.9599999999999596 507 399
3.9699999999999593 510 396
3.979999999999959 513 392
3.989999999999959 517 387
3.9999999999999587 521 383
4.009999999999959 523 379
4.019999999999959 525 374
4.0299999999999585 529 365
4.039999999999958 535 353
4.049999999999958 539 344
4.059999999999958 544 333
4.069999999999958 549 311
4.079999999999957 552 299
4.089999999999957 554 275
4.099999999999957 555 264
4.109999999999957 556 254
4.119999999999957 557 236
4.129999999999956 557 225
4.139999999999956 557 214
4.149999999999956 557 197
4.159999999999956 557 189
4.1699999999999555 557 180
4.179999999999955 552 165
4.189999999999955 550 161
4.199999999999955 544 153
4.209999999999955 543 152
4.2199999999999545 542 151
4.229999999999954 538 149
4.239999999999954 536 148
4.249999999999954 531 145
4.259999999999954 525 144
4.269999999999953 521 143
4.279999999999953 507 141
4.289999999999953 500 140
4.299999999999953 493 139
4.3099999999999525 487 139
4.319999999999952 480 139
4.329999999999952 473 139
4.339999999999952 450 139
4.349999999999952 445 139
4.3599999999999515 437 138
4.369999999999951 433 138
4.379999999999951 429 138
4.389999999999951 422 138
4.399999999999951 415 138
4.40999999999995 401 140
4.41999999999995 394 143
4.42999999999995 385 146
4.43999999999995 370 153
4.4499999999999496 361 159
4.459999999999949 353 164
4.469999999999949 337 177
4.479999999999949 329 183
4.489999999999949 314 200
4.4999999999999485 307 208
4.509999999999948 297 225
4.519999999999948 293 235
4.529999999999948 289 244
4.539999999999948 284 260
4.549999999999947 282 267
4.559999999999947 280 274
4.569999999999947 279 280
4.579999999999947 279 287
4.589999999999947 279 310
4.599999999999946 279 315
4.609999999999946 279 327
4.619999999999946 280 332
4.629999999999946 282 337
4.6399999999999455 285 343
4.649999999999945 288 348
4.659999999999945 292 354
4.669999999999945 303 369
4.679999999999945 303 369
4.689999999999944 307 374
4.699999999999944 338 404
4.709999999999944 344 409
4.719999999999944 357 421
4.729999999999944 364 426
4.739999999999943 370 430
4.749999999999943 370 430
4.759999999999943 376 434
4.769999999999943 383 438
4.7799999999999425 404 445
4.789999999999942 412 446
4.799999999999942 422 448
4.809999999999942 432 450
4.819999999999942 444 452
4.8299999999999415 481 453
4.839999999999941 487 453
4.849999999999941 494 453
4.859999999999941 505 453
4.869999999999941 505 453
4.87999999999994 506 453
4.88999999999994 508 453
4.89999999999994 513 448
4.90999999999994 526 437
4.9199999999999395 530 431
4.929999999999939 533 426
4.939999999999939 540 415
4.949999999999939 545 411
4.959999999999939 546 407
4.9699999999999385 552 397
4.979999999999938 554 391
4.989999999999938 555 385
4.999999999999938 557 379
